1. Simple Math
Tjek sqrt(2)^2 =2 sould equal 2
Tjek (2^1/5)^5 = 1 should equal 1
Tjek ln(exp(pi)) = 3.14159265358979 should equal 3.14159265358979
pi^e = 22.459157718361 sould equal 22.45
2. Gamma Function and 3. log Gamma function
gamma(1)=0.999999989064903
lngamma(1)=0.359347499991776 eqals approx ln(0.999999989064903)=-1.0935097442935E-08
gamma(2)=0.999999989064903
lngamma(2)=0.359347499991776 eqals approx ln(0.999999989064903)=-1.0935097442935E-08
gamma(3)=1.99999997812981
lngamma(3)=1.05249468055172 eqals approx ln(1.99999997812981)=0.693147169624848
gamma(4)=5.99999993438942
lngamma(4)=2.15110696921983 eqals approx ln(5.99999993438942)=1.79175945829296
gamma(5)=23.9999997375577
lngamma(5)=3.53740133033972 eqals approx ln(23.9999997375577)=3.17805381941285
gamma(6)=119.999998687788
lngamma(6)=5.14683924277382 eqals approx ln(119.999998687788)=4.78749173184695
gamma(7)=719.99999212673
lngamma(7)=6.93859871200188 eqals approx ln(719.99999212673)=6.579251201075
gamma(8)=5039.99994488711
lngamma(8)=8.88450886105719 eqals approx ln(5039.99994488711)=8.52516135013032
gamma(9)=40319.9995590969
lngamma(9)=10.963950402737 eqals approx ln(40319.9995590969)=10.6046028918102
gamma(10)=362879.997652016
lngamma(10)=13.2665355001958 eqals approx ln(362879.997652016)=12.8018274736111
