least
m=2
ln(a)=4.98328061152865, lambda=0.162669969458243, T_1/2=4.26106418331795
