ln(y_0) =4.76217393479776, dy_0/y_0=0.0598290598290598
ln(y_1) =4.60517018598809, dy_1/y_1=0.06
ln(y_2) =4.47733681447821, dy_2/y_2=0.0568181818181818
ln(y_3) =4.27666611901606, dy_3/y_3=0.0555555555555556
ln(y_4) =3.97029191355212, dy_4/y_4=0.0754716981132075
ln(y_5) =3.38439026334577, dy_5/y_5=0.135593220338983
ln(y_6) =3.22684399451738, dy_6/y_6=0.119047619047619
ln(y_7) =2.72129542785223, dy_7/y_7=0.197368421052632
ln(y_8) =2.40694510831829, dy_8/y_8=0.18018018018018
m=2
      4.98      0.163      0.181 
ln(y) =4.76217393479776, fit ln(y)=4.82061064207041
ln(y) =4.60517018598809, fit ln(y)=4.65794067261217
ln(y) =4.47733681447821, fit ln(y)=4.49527070315392
ln(y) =4.27666611901606, fit ln(y)=4.33260073369568
ln(y) =3.97029191355212, fit ln(y)=4.00726079477919
ln(y) =3.38439026334577, fit ln(y)=3.51925088640446
ln(y) =3.22684399451738, fit ln(y)=3.35658091694622
ln(y) =2.72129542785223, fit ln(y)=2.86857100857149
ln(y) =2.40694510831829, fit ln(y)=2.543231069655
